This is a sample file containing temperature data for each month.

January:
32 34 36 33 30 29 31 30 32 35 37 38 40 39 36 35 34 32 30 31 33 35 36 38 39 40 41 42 43 

February:
31 32 34 36 38 40 41 39 37 35 33 32 31 30 29 28 27 26 28 30 32 34 36 38 39 40 41 42 43

March:
34 36 38 40 41 42 43 44 45 46 47 46 45 44 42 41 39 38 36 35 33 32 31 30 29 28 30 32 34

April:
36 38 39 40 41 43 45 46 47 48 49 50 51 52 52 53 54 55 56 57 58 59 60 61 62 63 64 65 66

... (and so on for the remaining months)
